# Without kitchen
10019
10074
10084
10094
10122
10134
1017
10170
10175
10192
10226
10244
10264
10294
10309
10310
10315
10330
10368
10507
10522
10526
10535
10532
10546
10548
10549
10552
10594
10593
10600
10595
10599
10601
10603
10604
10605
10609
10617
10620
10619
10621
10640
10642
10654
10681
10683
10682
10693
10697
10696
10698
10695
10704
10711
10725
10727
10729
10734
10736
10737
10745
10746
10747
10756
10753
10758
10791
10816
10823
10829
10842
10839
10858
10870
10875
10874
10877
10883
10888
10894
10925
10924
10929
10941
11024
11046
11047
11053
11059
11066
11069
11095
11091
11115
11128
11152
11155
11308
11339
11385
11392
11396
11454
11478
11499
11509
11519
11527
11521
11526
11531
11541
11544
11553
11552
11579
11582
11611
11612
11634
11649
11679
11735
11736
11749
11750
11762
11759
11761
11764
11795
11799
11802
11801
11824
11847
11859
11858
11908
11923
11927
11934
11939
1197
12031
12039
12055
12103
1211
12107
1213
12229
12227
12234
12244
12247
12248
1225
12254
12253
12251
12257
12320
12325
12341
12385
12391
12397
12390
12459
1246
12469
12473
12477
12503
12512
12511
12516
12531
12556
12617
12618
12659
12664
12671
12692
12700
12704
12707
1271
12705
12703
12729
12730
12732
12748
12749
12746
12758
12794
1279
12791
12792
1280
1281
12809
1286
12872
12921
12931
12927
12926
12928
12929
12933
12936
12937
12941
12940
12983
12987
12990
13000
13008
13017
13028
1303
13027
13031
13036
13051
13057
13056
13059
1307
13117
13175
13185
13190
13192
13193
13212
13219
13234
13237
13257
13277
13295
13296
13299
13298
13297
1330
13300
13301
13302
13307
13303
13304
13313
13316
13315
13317
13318
13329
13346
13353
13356
13433
1344
13449
13450
13466
13467
13468
13482
13495
13496
13497
1351
13520
13522
13523
13528
1363
13634
13663
13688
13684
1371
13746
13750
13820
1385
139
13905
1395
1401
1402
1403
1404
1405
1407
14136
1417
1462
14641
14644
1471
1484
15018
1522
15347
15523
15529
15579
15765
15962
1602
16031
16140
16171
1622
16245
16255
16284
16283
16325
16339
16350
16368
16445
16447
16467
16499
16530
16534
16549
16552
16568
16564
16569
16574
16579
16578
16575
16576
16588
16610
16614
16626
16629
16639
16634
16643
16645
16651
16656
1668
16688
16691
16696
16712
16738
16740
16743
16753
16769
16776
16786
16800
16797
16806
16810
16825
16836
16844
16849
16857
16862
16859
16871
16872
16873
16886
16885
16896
16904
16907
16902
16925
16933
16945
16942
16947
16954
16956
16966
16979
16995
16994
17002
17039
17042
17043
1707
17103
17115
17144
17145
17147
17154
17182
17205
17207
17218
17226
1725
17256
1727
17270
17279
17281
17278
17283
1729
17294
17298
17314
1732
1733
17339
1736
17369
17400
17437
17463
17467
17473
17472
17485
17503
1751
17525
17529
17563
17559
17577
17580
17591
17608
17610
17619
17642
17658
17667
17686
17692
17691
1771
17742
17747
17754
17756
17762
17779
17820
17847
17870
17895
17894
17901
17904
17905
17917
17924
17940
17941
17951
17954
17974
17979
1798
18009
1803
18046
18051
18055
18060
18062
18077
18080
18082
18084
1809
18096
18119
18120
18121
18129
1813
18135
18152
18155
18170
18183
18185
18198
18192
18203
18202
18210
18211
18233
18274
18276
18303
18337
18345
18353
18357
18366
18369
18373
18380
1838
18384
18394
18399
1840
1841
18416
18420
1844
18465
18495
1850
18503
1851
18518
18534
1856
1857
1858
18631
1872
1873
1875
18776
1878
18877
18886
18911
18914
18918
18919
18925
18982
18985
18988
18997
19017
19020
19052
19107
1911
1918
19195
19194
19196
1920
19284
19305
19304
19318
19342
19393
1940
19410
19471
19469
19511
19519
19518
19523
19525
19527
19536
19537
1954
19543
19549
19555
19577
19579
19596
19588
19597
19598
19601
19603
19610
19653
19650
19651
19654
19677
19686
19695
19687
19691
19699
19701
19698
19704
19717
19710
19715
19723
19726
19730
19733
19734
19742
19753
19758
19779
19791
19795
19827
19829
19831
19846
19848
19854
19855
19864
19875
19891
199
19911
19916
19931
19933
19944
19951
19962
19976
200
20011
20008
20015
20036
2003
20038
20059
20058
2006
20072
20068
2007
20079
2008
20085
20096
20097
20100
20117
20112
20127
20131
20134
20137
20135
20184
20217
20218
20220
20223
20235
20246
20261
20266
20269
20272
20282
20288
20297
20319
20321
20323
20330
20360
20365
20398
20404
20401
20400
20481
20489
20488
20490
20492
20550
20568
20590
20599
20625
20643
20652
20743
20748
20764
20807
20806
20839
20845
20955
20971
20972
20975
21086
21088
21087
21089
2112
21213
21312
21353
21389
21388
2139
21393
21394
21419
21425
21457
21464
21467
21466
21470
21479
21478
21521
21525
2153
2155
21556
21597
21600
21647
21668
21684
21685
21694
21699
2170
21744
21750
21763
21780
21823
21833
21836
2185
21855
21890
21891
21893
21899
21905
21927
21928
21940
21941
21943
21950
21954
21963
21979
21980
21982
21988
21989
22028
22052
22059
2206
22072
22093
22097
22111
22117
2212
22158
22219
22216
2224
22251
22275
22287
22286
22407
22458
22460
22464
22489
22518
22519
22521
22520
22524
22531
22527
22525
22534
22546
22567
22568
22599
22601
22600
22619
22699
22698
22706
22719
22729
22734
22736
22742
22743
22757
22774
22779
22780
22782
2279
228
22818
22834
22854
22869
22898
22921
22922
22947
22995
23014
23026
23031
23030
23036
23041
23073
23107
23109
23158
23172
23195
23194
23237
23274
23296
23297
23302
23307
2338
23420
23416
23421
23431
23444
23561
23669
23673
23674
23697
23712
23708
23717
23713
23733
23754
2375
2379
2381
23815
2382
23846
23845
2385
23849
23857
23898
23899
23897
23904
23903
23902
2394
2397
23978
23994
23992
24006
24008
24036
24044
24122
24144
2417
2433
24352
2436
24359
24362
24363
24364
24367
24366
24368
24373
24394
24418
24420
24438
24447
24445
24454
24458
24463
24499
24514
24536
24537
24594
24613
24617
2463
2464
24702
24720
24719
24724
24734
2478
2484
24905
24913
2498
24982
24990
24999
24998
25000
25018
25017
25025
25041
25043
25047
25048
25045
25059
25079
25080
25076
25081
25082
25095
25107
25125
25151
25169
2518
25203
25214
25236
2528
25301
25476
25507
25526
25554
25565
25566
2558
25598
25617
25623
25647
2572
25753
25752
2581
2583
25855
2595
26015
2606
26119
2613
26294
26299
26358
26375
26379
26415
26496
26500
26509
26529
26527
26526
26528
26537
26545
2656
2670
2673
26774
2680
2683
2684
2689
26892
2692
26988
2702
27056
27067
27089
2709
27091
27090
2721
27245
27291
27292
27302
2730
27377
2738
2766
27696
27695
27728
27782
27808
27809
27811
27870
27888
27949
27956
28078
28183
28224
28238
2826
28262
2831
28309
28321
28360
28367
2851
28546
28599
28600
28627
28644
2870
28715
2874
2876
28790
28794
28792
28810
2886
2890
2900
2929
2933
2940
29481
29494
2950
2952
2959
2965
2973
2982
2989
2990
2991
3003
30679
30682
30701
3071
3095
3098
3099
31029
3104
3117
3123
31311
31568
31583
31655
3177
3179
3180
31873
3189
3206
32092
32171
32402
32429
32485
3254
3258
32625
32641
32678
32702
32705
32734
32753
3280
3295
32958
32957
33005
33012
33043
33072
33079
33093
33095
33098
33099
33107
33110
33116
33115
33141
3319
3327
33288
3336
33499
33497
33495
33500
33585
3361
3362
3366
33780
33799
3384
33860
33868
33869
33918
3402
34121
34129
3415
3441
3444
3465
3469
34763
34824
34895
3491
35057
3540
3541
35476
3551
3562
3564
35797
3580
35821
36006
3610
36387
36407
3643
36467
3655
36613
36614
36612
36615
36629
36627
3665
36641
36646
36647
36696
36698
36725
36747
36746
36755
36773
36801
36819
3685
36865
3687
36871
36879
36886
3689
3690
3691
36918
36947
36968
36972
36989
36990
3700
37004
37003
37007
37008
37027
3709
3710
3714
3716
3717
3719
3721
3722
3724
3725
3726
3727
37338
3735
3752
37542
37625
37643
37670
37723
37733
3774
37744
37745
37748
37753
37747
37749
37751
37752
37761
3777
37772
37777
37785
37786
37792
37798
37805
37807
37806
37808
37810
37842
3786
37865
37919
37948
3797
37979
37997
3804
3807
38077
38097
38096
38123
38168
38189
38218
38220
38227
38228
38233
38237
38242
38243
38282
38292
38311
38313
38312
38314
38318
38338
38339
38340
38341
38343
38349
38356
38357
38370
38371
38372
38373
38375
38377
38379
38380
38385
38387
38386
38390
38395
38394
38391
38397
38398
38400
38401
38406
38411
38407
38413
38412
38417
38418
38422
38429
38430
38431
38435
38436
38437
38432
38439
38440
38441
38448
38450
38452
38451
38454
38455
38457
38458
38460
38459
38462
38465
38463
38464
38466
38471
38476
38472
38477
38475
38479
38480
38481
38484
38489
38485
38486
38487
38493
38494
38496
38497
38498
38502
38506
38509
38508
38513
3853
38547
38548
38571
3858
38594
3860
3863
3864
38668
38688
38690
38689
38722
38749
38747
38760
38761
38773
38774
38779
38781
38798
38806
38807
38821
38857
38870
38869
3888
3889
3890
38903
3899
3910
39101
39100
39102
3914
3919
39223
3923
39251
3925
39279
39281
39300
3933
39338
3934
39341
39344
3936
39368
3938
39398
39431
39437
39441
39466
39468
39484
39496
39495
3951
39577
39578
3990
4020
4038
40407
40406
40409
4043
40467
4047
40562
4067
4068
4074
40763
40761
40759
40768
4076
4077
40824
40873
40892
4092
40930
40946
40955
40964
41016
4109
41179
41183
4127
4132
4135
41389
41409
4145
41485
41515
41520
41518
41534
41536
41529
41546
41573
41613
41615
4162
41618
41619
41637
41668
41669
41686
41685
41692
41743
41753
4179
41796
4183
41828
41832
41849
41875
41887
4189
41897
41899
41962
41973
41990
42001
42108
42109
4212
42125
42130
42129
42158
42167
4218
42198
4223
42260
42333
42334
42335
4235
42358
42365
42374
42381
42385
4240
42409
42418
42420
42460
42458
42526
42553
42561
42564
42565
42567
42653
42652
42656
42659
42662
42670
42675
42674
42676
42679
42685
42684
42692
42735
42734
42778
42777
42787
42826
42841
42849
42870
42962
42975
43015
43035
43081
43091
43127
43210
43213
43214
43227
43232
43239
43240
43242
43307
43329
43348
43355
43370
43391
43394
43405
4341
43408
43428
4343
43435
43529
4353
43548
43553
4356
43563
43580
43615
4362
43624
43673
43686
43694
43705
43706
43795
43794
4384
43893
43921
43924
4413
44201
4421
44287
4455
4456
44585
44699
44868
44951
44967
45009
45045
45046
45049
45053
45062
45077
45074
4508
45081
45088
4510
45123
45247
4536
45493
4551
4557
45586
45589
4579
45873
45879
45996
45999
45998
46061
46063
4607
4608
46089
4610
4613
4620
46217
4629
4630
4635
4637
46386
46387
46412
46415
46434
46462
4648
46490
46644
46741
46771
4681
46866
46931
46981
47052
47221
47470
47481
47486
47487
47489
47497
47496
47508
4755
47551
47555
47572
47571
47586
47591
47611
47606
47644
47656
47690
47693
47694
47710
47732
47745
4776
47759
47792
47798
47805
47824
47827
47834
4785
47852
47858
47860
47859
47861
47882
47886
47898
4791
47909
47910
47916
47921
47947
48011
48018
48045
48046
4805
48082
4809
48104
48111
48136
48135
48140
48156
4818
48189
48191
48211
48228
48226
48234
48230
48239
48240
48255
48283
48312
48315
48364
48388
48417
48420
48435
4844
48450
48448
48452
4846
48464
48469
48483
48504
48505
48549
48548
48560
48571
48574
48575
48593
48598
48608
48621
48619
48625
48629
48632
48643
48646
48653
48703
48700
48704
48705
48712
48721
48723
48739
48746
48748
48749
48747
48762
48771
48772
48774
48773
48789
48803
48823
48843
48854
48860
48897
48926
48927
48946
4895
48943
48960
48986
49007
49011
49010
49030
49031
49041
49046
49042
49062
49064
49063
49069
49070
4907
49079
49082
49085
49116
49133
49135
49141
49144
49151
49154
49152
49157
49162
49199
49209
49207
49208
49221
49235
49243
49247
49245
49253
49277
49284
49294
49298
49301
49326
49325
49380
49383
49401
49408
49409
49420
49415
49414
49419
4946
49470
49475
49476
49488
49497
49519
49522
49525
49526
49536
49530
49532
49544
49563
49567
49565
49566
49587
49590
49604
49598
49612
49621
49620
4962
49632
49633
49642
49655
49656
49678
49679
49709
49711
49712
49710
49723
49722
49738
49755
49763
49764
49774
4981
49812
49854
49851
49872
49893
49908
49915
49910
49945
4995
49958
49971
49995
50016
50018
50032
50077
50076
50086
50089
50087
50099
50108
50135
50164
50203
50210
50220
50239
50249
50257
50274
50286
50288
50285
50302
50305
50307
50311
50332
50375
50389
50388
50387
50413
50424
50420
50427
50448
50454
5048
50487
50506
50510
5051
50516
5052
50529
50522
50533
50557
50585
50601
50614
50624
50631
50632
5070
50718
50713
50723
50734
50779
50780
50817
50816
50832
5084
5091
50914
50931
50952
50964
50969
50976
50974
50973
50983
50997
51013
51022
51021
51023
51039
51083
51084
51101
5111
51111
51130
51138
51169
5117
51197
51207
51213
51214
51215
51216
5125
51279
51288
51289
51310
51313
51318
51321
51323
51329
51364
51365
51366
51427
51430
51451
51460
51464
51511
51517
51512
51516
51528
51545
51547
51546
51549
51550
51562
51565
51572
51596
51600
51610
51640
51646
51665
51691
51709
51726
51733
51736
51735
51734
51782
51818
51832
51833
51842
51855
51860
51859
51864
51872
51906
51904
51924
51925
51928
51930
51929
51944
51952
51958
51957
51967
51995
52007
52034
52033
52035
52032
52036
52038
52045
52046
52051
52073
52078
52087
52103
52102
52112
52118
52124
52137
52139
52151
5215
52162
52160
52168
52200
52208
5221
52218
52219
52255
52260
5226
52266
52270
52276
52275
52272
52298
5230
52310
52309
52313
5232
52327
52346
52368
52384
52385
52394
52393
52450
52506
52503
52532
52531
52534
52547
52571
52572
52578
52597
52608
52612
5264
52650
52657
52656
5267
52677
52678
52683
52693
52704
52705
52734
52735
52749
52746
52772
52769
52774
52793
52802
52812
52823
52815
52822
52824
52826
52839
52838
52850
52851
52863
52869
52867
52886
52891
52901
52907
52929
52930
52939
52953
52958
52969
52983
52986
53010
53032
53030
53095
53116
53124
53136
53134
53137
53163
53198
5322
53226
53247
53261
53267
53266
5327
5328
5334
53348
53359
53375
53371
53374
53394
53397
53407
53408
5341
53428
53429
53431
53444
53454
53465
53466
53473
53485
53486
53501
53514
53523
53527
53528
53565
53583
53598
53621
53659
53670
53691
53717
53718
53719
53731
53735
53739
53747
53753
53761
53772
53806
53807
53808
53811
53810
53818
53850
53864
5389
53894
53929
53931
53932
53933
53939
53942
53940
53938
53941
53943
53947
53948
53957
53964
53960
53961
53962
53969
53968
53965
53970
53973
53972
53977
53978
53975
53979
53976
53982
53981
53983
53985
53986
53990
53991
53984
53994
53996
53995
53997
53999
53998
54005
54006
54014
54013
5401
54031
54028
54032
54048
54056
54069
54076
54073
54074
54079
54085
54089
54103
54105
54108
54114
54115
54118
54122
54123
54120
54119
54124
54125
54121
54128
54126
54129
54132
54158
54162
54183
54190
54193
54191
54192
54197
54196
54208
54230
54256
54284
54321
54327
54346
54353
54376
54381
54384
54393
54402
54405
54409
5441
54411
54420
54451
54447
54452
54450
54453
5446
54472
54475
54479
545
54501
54506
54505
54508
54519
54536
54556
54555
54564
54577
54581
54583
54599
54624
54628
5464
54646
54675
5468
54687
54709
54718
54741
54782
54803
54800
54802
54805
54823
54840
54843
54857
54877
54892
54901
54903
54910
54915
54928
54931
54938
54941
54957
5496
54971
54968
5497
54973
54981
54982
54986
5499
54989
5500
55003
55004
55015
55023
55029
55032
55039
55052
55057
55066
55071
55077
55075
55094
55096
55109
55107
55122
55128
55119
5516
55177
55185
55242
55253
55275
55281
55288
55292
55313
55328
55342
55341
55353
55360
55367
55379
55427
55453
55459
55460
55462
55465
55461
55475
55474
55477
55495
55502
55525
55576
55577
55586
55603
55627
55632
55637
55676
55675
55678
55677
5569
55693
55694
55695
55710
55714
55717
55735
55736
55755
55773
55774
5580
55801
55800
55828
55859
55890
55923
55920
55925
55959
55966
55977
5598
55984
56020
56029
56030
56051
56050
56053
56057
56063
56064
56084
56091
56098
56116
5615
56154
56157
56178
5620
56291
56311
56310
5632
56326
56327
56340
56368
56367
56373
56375
56374
56430
56434
56435
5646
56473
56488
56491
56489
5650
56500
56505
56515
5653
5654
5656
56566
56567
56568
56586
56608
56633
56658
56656
56657
56676
56707
5672
56741
56785
56798
56799
56802
56814
56824
56823
56829
56842
5686
56862
56875
56885
56896
56893
56905
56912
56917
56926
56936
56939
56940
56943
56945
56946
56978
56980
56987
56999
57002
57009
57021
57025
57061
5710
57120
5724
57383
57475
57515
5758
5767
5770
5771
57714
5773
5774
5785
57856
57889
57939
5801
5807
5822
58284
58308
58313
58314
58366
58370
5855
5858
58692
58707
58766
58810
5884
58869
58872
5897
59030
5910
59123
59288
59326
59328
59351
59388
5947
59529
59542
59594
59686
59689
59695
59823
5989
59905
59940
5996
59987
6007
6013
6019
60202
6022
6034
60478
60498
6051
6053
6054
6055
60638
60669
6080
60828
60845
60858
6086
60915
61088
61127
61122
61150
61270
61339
61341
61358
61366
61378
61399
61454
61462
61507
61586
61607
61612
61624
61751
6181
61853
61861
61907
61951
6196
61991
62009
62062
62075
6211
62154
6221
62359
6245
62508
6255
62561
62891
62955
62979
62994
63057
63084
63428
63444
63747
63858
63863
6391
6392
6404
64129
64257
6426
6432
6438
6443
6458
64628
6464
64651
64650
64663
6467
64713
6473
64737
6475
6480
64903
6513
65274
6535
6557
65753
6584
6600
6602
66114
66151
6635
66362
66483
66548
66650
6667
66683
66881
67064
67128
67144
67148
67155
6718
67222
67327
6737
6740
67431
6744
67473
67516
67660
67682
67684
6769
6774
67797
67792
67807
67886
67905
67927
67954
6800
68014
68089
6811
68120
6812
68126
68133
68144
68148
68151
6824
68367
68369
6837
6838
68368
68389
6842
68567
6859
6862
6871
6876
68788
68872
68892
68970
69005
69129
6918
6941
6950
6957
69600
69801
69908
6993
69965
70005
7004
70059
7011
70126
70279
70405
7064
7065
7067
7084
7092
70925
71038
7105
71053
71092
71108
71113
71184
7137
71374
7152
7156
71590
7160
71755
7178
7179
71787
7180
71853
71874
71923
71930
72198
72484
72506
72495
72533
7274
72757
72892
72909
72917
72934
72948
73032
73046
73083
73399
7340
73419
73447
73511
7355
7378
7379
73843
73842
7405
74126
74334
7449
7452
7454
7455
7475
7478
7480
7481
7489
7573
7580
7589
76198
76436
76794
7683
7706
7707
7710
7725
7761
7770
7774
7776
7778
7788
7805
78107
78169
78171
78212
78223
78229
78242
78241
78299
7835
78386
78388
78443
78571
78583
78643
7903
7910
7919
7924
7930
7931
7933
7943
7950
7960
7988
7989
8000
80017
8014
80190
8029
80325
80467
80481
80499
80570
8105
8110
8157
817
8172
8221
8229
8239
8249
8248
8254
8258
8267
8273
8271
8285
8302
8320
8325
8342
8361
8366
8371
8415
8413
8491
8494
8508
8516
8519
8523
8524
8537
8543
8563
8581
8580
8612
8617
8666
8682
8684
8687
8703
8704
8709
8707
8708
8706
8712
8711
8770
8769
8772
8774
8773
8786
8792
8800
8801
8814
8850
8878
8889
8891
8890
8893
8903
8912
8930
8949
8972
8993
9019
9026
9029
9031
9033
9040
9060
9101
9118
9150
9191
9199
9203
9209
9201
9210
9211
9240
9250
9249
9285
9328
9329
9331
9337
9375
9442
9445
9459
9485
9498
9501
9503
9506
9511
9513
9526
9532
9541
9539
9571
9589
9607
9609
9719
9718
9717
9721
9726
9729
9743
9744
9749
9754
9779
9782
9784
9787
9841
9863
9913
9929
9934
9938
9956
9965
