# Empty room boundary
203
221
794
866
986
1309
2311
2696
3307
3561
4117
4803
4903
4954
6260
6507
7497
7644
8294
8904
9064
9163
10006
10072
10607
10896
11134
11883
12389
12485
13076
13880
14101
14131
14913
14918
14939
14949
15069
15085
15389
15716
15871
15397
16066
16796
17138
17796
18071
18585
18630
18650
18672
18895
19394
19606
21170
21221
21511
21793
21825
22290
22378
22387
22660
22777
23114
24077
24251
24264
24901
24902
25063
25373
25615
26426
26797
27152
27305
28008
28772
29078
29868
29977
30327
30760
31854
31855
32160
32216
32250
32706
33154
33182
33609
34079
34140
35134
35458
35725
36061
36115
36204
36489
36837
36869
37900
37924
38797
38800
39297
39926
40371
41045
41050
41537
41697
42117
42126
42222
42356
44779
44780
45263
45767
45900
45925
47810
48745
48814
49435
49615
49923
50369
50692
51668
51810
51942
51968
52002
52269
52663
53509
53775
54470
55009
55643
55758
56000
56113
56441
56487
56506
58294
58616
59506
60182
60634
60737
61570
61672
63051
63384
64541
64929
65429
66248
67403
68271
68855
69183
69196
69615
69779
70133
71084
71790
72013
72416
72535
72666
72671
72824
73720
73862
74686
75167
75570
75632
76272
76320
76616
76644
77161
77198
77766
78567
78610
78858
79150
79236
79376
79593
79627
79869
79971
80125
80348
80405
80674

# Room inside another room
4009
25115
49868
62373
54414
41047
45674
54466
69714
67775
13679
78424
38854
40713
9914
31270
17245
51287
61111
43863
77304
25683
11860
62802
40943
77154
37329
30069
32813
18616
14844
6866
41399
25604
79244
30392
42484
71981
74224
13226
15573
61659
1139
55350
51905
18697
24263
65158
10359
21745
15441
8810
23918
34470
31116
18849
32751
51061
42921
60322
28109
1141
26120
54758
49227
48950
648
77045
1426
63009
36938
35628
10133
74297
27697
45985
75143
41093
68390
64427
13813
54022
48552
13681
66166
48778
52758
73717
36048
51362
31620
9776
42528
